775
778
812
1028
1279
1281
1312
1338
1342
1348
1351
1357
1395
1407
1412
1414
1445
1459
1512
1520
1547
1560
1579
1592
4102
4117
4123
6617
6618
7151
7164
7169
7171
7185
7195
7196
7198
7201
7205
7207
8596
8619
8738
8856
9799
9952
9953
9955
9960
10051
10075
10079
10168
10169
10170
10172
10176
10470
10473
10477
10536
10539
11948
12056
12101
12102
12110
12112
12118
12119
12785
13650
14219
15626
18269
18385
18716
18736
18932
18944
18970
18978
19003
19150
19578
21184
21267
158759
658423
4003231
4982962
9575971
9576108
9576183
9576196
9576208
9576244
18787089
22984812
25752633
66444999
93987322
95761801
95761811
95761851
95761859
95761862
95761904
95761909
100146725
119654625
126074511
126075331
146275934
176179318
205032788
210381754
216642483
226931868
226932275
243915360
244169664
285395730
285395800
285395858
285395954
285396030
285396080
285396214
285396286
285396366
285396370
285396373
285396377
285396504
285396584
285396598
285396624
285396636
285396650
285396738
285396913
285396939
285396958
285397001
285397219
285397220
285397350
